>
118.998687	24.189629
118.998371	24.335129
119.999562	25.998366
122.999789	25.999093
121.871427	25.503781
121.182568	25.157801
120.954463	25.017132
120.756488	24.713398
120.662755	24.593509
120.567162	24.390969
120.469554	24.18885
120.436077	23.777658
118.998687	24.189629
>
118.998687	24.189629
120.436077	23.777658
120.249537	23.640543
120.157228	23.117006
119.86748	22.944638
119.556049	22.665549
118.998371	22.151611
118.998687	24.189629
>
118.998371	21.03814
118.998371	22.151611
119.556049	22.665549
119.683585	22.131415
119.931187	21.765577
120.435687	20.998509
119.000062	20.999046
118.998371	21.03814
>
121.182568	25.157801
121.871427	25.503781
122.206815	25.107782
121.867727	24.933576
121.860178	24.926317
121.637366	24.807973
121.416511	24.687554
121.414364	24.689529
121.182568	25.157801
>
120.756488	24.713398
120.954463	25.017132
121.182568	25.157801
121.414364	24.689529
121.416511	24.687554
121.245027	24.412963
120.756488	24.713398
>
120.567162	24.390969
120.662755	24.593509
120.756488	24.713398
121.245027	24.412963
121.097126	24.169813
120.567162	24.390969
>
120.436077	23.777658
120.469554	24.18885
120.567162	24.390969
121.097126	24.169813
120.926816	23.626069
120.436077	23.777658
>
120.157228	23.117006
120.249537	23.640543
120.436077	23.777658
120.926816	23.626069
120.593645	23.000122
120.157228	23.117006
>
119.86748	22.944638
120.157228	23.117006
120.593645	23.000122
120.597888	22.176523
120.330784	22.247348
120.23669	22.381933
119.86748	22.944638
>
119.556049	22.665549
119.86748	22.944638
120.23669	22.381933
120.330784	22.247348
120.597888	22.176523
120.6	22.175963
120.598762	22.006842
120.6	21.766667
119.931187	21.765577
119.683585	22.131415
119.556049	22.665549
>
121.097126	24.169813
121.245027	24.412963
121.416511	24.687554
121.587151	24.375046
121.419111	24.039534
121.097126	24.169813
>
120.926816	23.626069
121.097126	24.169813
121.419111	24.039534
121.249165	23.53403
120.926816	23.626069
>
120.593645	23.000122
120.926816	23.626069
121.249165	23.53403
121.043498	22.83838
120.593645	23.000122
>
120.598762	22.006842
120.6	22.175963
120.597888	22.176523
120.593645	23.000122
121.043498	22.83838
121.194216	21.771773
120.6	21.766667
120.598762	22.006842
>
121.871427	25.503781
122.999789	25.999093
123.002194	24.662095
122.459702	24.893829
122.206815	25.107782
121.871427	25.503781
>
121.416511	24.687554
121.637366	24.807973
121.860178	24.926317
121.867727	24.933576
121.90067	24.496784
121.587151	24.375046
121.416511	24.687554
>
121.867727	24.933576
122.206815	25.107782
122.459702	24.893829
122.225845	24.249776
121.90067	24.496784
121.867727	24.933576
>
122.225845	24.249776
122.459702	24.893829
123.002194	24.662095
123.000029	23.995559
122.225845	24.249776
>
121.587151	24.375046
121.90067	24.496784
122.225845	24.249776
122.039328	23.674065
121.809667	23.919632
121.786286	23.944633
121.587151	24.375046
>
122.039328	23.674065
122.225845	24.249776
123.000029	23.995559
122.999325	23.484353
122.557708	23.512849
122.039328	23.674065
>
121.249165	23.53403
121.419111	24.039534
121.587151	24.375046
121.786286	23.944633
121.621541	23.435054
121.249165	23.53403
>
121.621541	23.435054
121.786286	23.944633
121.809667	23.919632
122.039328	23.674065
121.935143	23.355192
121.621541	23.435054
>
121.043498	22.83838
121.249165	23.53403
121.621541	23.435054
121.398651	22.718086
121.043498	22.83838
>
121.398651	22.718086
121.621541	23.435054
121.935143	23.355192
121.705454	22.712074
121.398651	22.718086
>
121.043498	22.83838
121.398651	22.718086
121.565734	21.774966
121.327638	21.77292
121.194216	21.771773
121.043498	22.83838
>
121.398651	22.718086
121.705454	22.712074
121.852977	21.777434
121.565734	21.774966
121.398651	22.718086
>
119.931187	21.765577
120.6	21.766667
121.194216	21.771773
121.327638	21.77292
121.565734	21.774966
121.852977	21.777434
122.284491	20.996902
120.435687	20.998509
119.931187	21.765577
>
121.705454	22.712074
121.935143	23.355192
122.039328	23.674065
122.557708	23.512849
122.999325	23.484353
123	21
122.284491	20.996902
121.852977	21.777434
121.705454	22.712074