120.7302 24.2346
120.7309 24.2485
120.734 24.2626
120.7342 24.2675
120.7354 24.2691
120.7354 24.2737
120.7346 24.2816
120.7345 24.2843
120.7339 24.2901
120.7391 24.2969
120.7389 24.2997
120.7369 24.3018
120.7356 24.3104
120.7371 24.3133
120.741 24.3175
120.7388 24.325
120.7382 24.3337
120.7368 24.3442
120.7368 24.3555
120.7403 24.3626
120.7455 24.3682
120.752 24.375
120.7538 24.3843
120.7632 24.4009
120.7658 24.4032
120.7707 24.404
120.7784 24.4084
120.7849 24.4078
120.7891 24.4071
120.7923 24.403
120.803 24.3992
120.8092 24.3973
120.8173 24.3962
120.8239 24.3966
120.8306 24.3971
