120.6661 23.6629
120.666 23.6723
120.6612 23.689
120.6628 23.7056
120.6652 23.7098
120.6697 23.7256
120.6692 23.7344
120.6638 23.754
120.6622 23.7679
120.6596 23.7734
120.6471 23.7944
120.6354 23.8048
120.6175 23.8209
120.6068 23.8333
120.6068 23.8442
120.6085 23.8592
120.6143 23.8872
120.6221 23.915
120.6064 23.9669
120.5997 23.9771
120.5814 24.0067
120.5546 24.0229
120.5494 24.031
120.5451 24.0527
120.548 24.0743
120.5486 24.0999
120.5508 24.1219
120.5498 24.1405
120.5453 24.1559
120.5437 24.1728
120.5498 24.1868
120.5486 24.1962
120.5486 24.2059
120.5551 24.2216
120.5593 24.2308
120.5634 24.2437
120.5724 24.2573
120.5802 24.2737
120.59 24.2849
120.6009 24.2998
120.608 24.3051
120.6124 24.3268
120.6158 24.3328
120.6244 24.3381
120.6292 24.3458
120.6348 24.3559
120.6455 24.3653
