120.6451 23.6392
120.6619 23.6577
120.6696 23.6646
120.6788 23.6692
120.6846 23.6741
120.6897 23.6776
120.6962 23.685
120.7016 23.699
120.7039 23.7107
120.7038 23.7162
120.6987 23.7288
120.6984 23.7405
120.7027 23.7553
120.7107 23.7623
120.7076 23.7722
120.7097 23.7785
120.7112 23.7872
120.7083 23.7922
120.7118 23.7962
120.7135 23.8017
120.707 23.8063
120.7074 23.8112
120.7106 23.817
120.7151 23.8246
120.7156 23.8285
120.7082 23.8356
120.7038 23.8401
120.7034 23.8491
120.7063 23.8607
120.7075 23.8731
120.7123 23.8759
120.7144 23.8806
120.7125 23.8916
120.7098 23.8959
120.7066 23.8994
120.7037 23.9097
120.7036 23.9143
120.7099 23.9282
120.7049 23.936
120.7036 23.9429
120.7004 23.9478
120.6973 23.9488
120.6866 23.9598
120.6889 23.9672
120.6923 23.9718
120.6904 23.9786
120.689 23.9991
120.6953 24.0054
120.6985 24.0101
120.6987 24.0142
120.6979 24.0227
120.6996 24.0293
120.6964 24.0346
120.6916 24.0407
120.6914 24.045
120.6934 24.0497
120.6998 24.0536
120.7 24.0623
120.7036 24.0699
120.715 24.0717
120.7218 24.0768
120.7243 24.0855
120.7368 24.0871
120.732 24.0959
120.7342 24.1084
120.7394 24.1176
120.7356 24.1278
120.7346 24.1407
120.7389 24.1509
120.7351 24.1655
120.7294 24.177
120.7221 24.1899
120.7248 24.2014
120.726 24.2084
120.7247 24.2144
120.7289 24.2221
120.7302 24.2346
120.7379 24.2448
120.7448 24.2572
120.757 24.2744
120.7596 24.2811
120.7658 24.2852
120.7699 24.2834
120.7777 24.2843
120.7889 24.2844
120.7967 24.2853
120.8032 24.2876
120.8204 24.2966
120.8267 24.3023
120.8302 24.3085
120.8338 24.32
