120.8015 23.7483
120.8004 23.7516
120.8004 23.7532
120.8003 23.7556
120.8001 23.7582
120.7997 23.7611
120.7998 23.7642
120.7999 23.7678
120.7996 23.7732
120.7998 23.776
120.7997 23.7782
120.8004 23.7804
120.8013 23.7825
120.8022 23.7841
120.8041 23.7857
120.8065 23.7877
120.8066 23.7877
120.8088 23.7894
120.8114 23.7912
120.815 23.7933
120.8182 23.796
120.8197 23.7977
120.8217 23.8004
120.8234 23.8029
120.8249 23.8057
120.826 23.8084
120.8261 23.8088
120.8263 23.8098
120.8266 23.8132
120.8269 23.8157
120.827 23.8173
120.827 23.8207
120.8268 23.8243
120.8268 23.8244
120.8263 23.8264
120.8252 23.8281
120.8236 23.8307
120.8217 23.832
120.8199 23.8333
120.8178 23.8345
120.8154 23.8363
120.8118 23.8392
120.8102 23.8411
120.8095 23.8419
120.809 23.8431
120.8083 23.8439
120.8072 23.8451
120.8066 23.8461
120.806 23.8475
120.8061 23.849
120.8058 23.8501
120.8058 23.8511
120.8054 23.8538
120.805 23.8569
120.805 23.8585
120.8042 23.8604
120.8036 23.8635
120.8031 23.8654
120.8032 23.8667
120.803 23.8677
120.8025 23.869
120.8019 23.8711
120.8017 23.8722
120.8015 23.8732
120.8014 23.8733
120.8007 23.8749
120.8005 23.8761
120.8004 23.8777
120.8003 23.8787
120.8005 23.8798
120.8006 23.8804
120.8006 23.8806
120.8007 23.8823
120.8006 23.8841
120.8003 23.8855
120.7996 23.8869
120.799 23.8879
120.7989 23.8882
120.7982 23.8896
120.7977 23.8908
120.797 23.8916
120.7961 23.8921
120.7941 23.8932
120.793 23.8942
120.7911 23.8958
120.7897 23.8971
120.7883 23.8985
120.7877 23.8994
120.7875 23.9003
120.7875 23.9021
120.7882 23.9058
120.7889 23.909
120.7893 23.9131
120.7895 23.9141
120.7897 23.9149
120.7894 23.9163
120.7891 23.9171
120.788 23.921
120.7878 23.9219
120.7876 23.9225
120.7869 23.9235
120.7863 23.9248
120.7859 23.9266
120.7856 23.9281
120.7855 23.9296
120.7854 23.931
120.7858 23.9324
120.7859 23.9347
120.7856 23.9365
120.7854 23.9378
120.7852 23.9386
120.7852 23.9386
120.7843 23.9412
120.7839 23.9426
120.7839 23.9452
120.7849 23.9477
120.7867 23.9509
120.7877 23.9527
120.7881 23.9545
120.7877 23.9558
120.7873 23.9574
120.7867 23.9596
120.7867 23.9617
120.7865 23.963
120.7861 23.9645
120.786 23.9656
120.7859 23.9673
120.7858 23.9684
120.786 23.9711
120.7862 23.9734
120.7866 23.9756
120.7874 23.9776
120.7881 23.9792
120.7884 23.9795
120.7904 23.9823
120.7922 23.9845
120.795 23.9876
120.796 23.9886
120.7969 23.9898
120.7983 23.9921
120.7994 23.994
120.8003 23.9959
120.8009 23.9978
120.8009 23.9978
120.801 23.9987
120.8011 23.9997
120.8013 24.0003
120.8015 24.0007
120.8018 24.0014
120.8023 24.0023
120.8035 24.0045
120.8051 24.007
120.806 24.0094
120.8069 24.0125
120.807 24.014
120.8072 24.0171
120.807 24.0195
120.8065 24.0244
120.806 24.0289
120.806 24.0292
120.8059 24.0311
120.8058 24.0329
120.8057 24.0349
120.8056 24.0362
120.806 24.0388
120.806 24.042
120.8064 24.0452
120.8057 24.0478
120.8057 24.0507
120.806 24.0573
120.8061 24.0579
120.8062 24.06
120.8062 24.0607
120.8067 24.063
120.8073 24.0654
120.8073 24.0665
120.8075 24.0676
120.8081 24.0693
120.8084 24.0698
120.8084 24.0718
120.8088 24.0748
120.809 24.077
120.809 24.0771
120.8088 24.0778
120.8086 24.0789
120.808 24.0802
120.8078 24.081
120.8073 24.0823
120.8072 24.0833
120.8072 24.0834
120.8069 24.0844
120.8063 24.087
120.8059 24.0888
120.8056 24.091
120.8051 24.0928
120.8049 24.0955
120.8048 24.097
120.8045 24.0997
120.8042 24.1011
120.8038 24.1026
120.8025 24.1048
120.8013 24.1071
120.7997 24.1095
120.7985 24.1112
120.7983 24.112
120.7976 24.1148
120.7975 24.1151
120.7976 24.1174
120.7973 24.1188
120.7973 24.1202
120.7975 24.122
120.7975 24.1233
120.7979 24.1258
120.798 24.1266
120.7985 24.1299
120.8003 24.1335
120.8048 24.1465
120.8051 24.1496
120.8052 24.1496
120.8058 24.1505
120.8067 24.1515
120.8079 24.1525
120.8089 24.1536
120.8095 24.1546
120.81 24.1557
120.8102 24.157
120.8103 24.1587
120.8104 24.1614
120.8104 24.1637
120.8104 24.1666
120.8106 24.1684
120.811 24.1701
120.8121 24.1723
120.8134 24.1741
120.815 24.1756
120.8169 24.177
120.8187 24.1782
120.8211 24.1796
120.8234 24.181
120.8263 24.1825
120.8265 24.1826
120.8282 24.1834
120.8298 24.184
120.8319 24.1848
120.8337 24.1856
120.8356 24.1865
120.8377 24.1877
120.841 24.19
120.841 24.19
120.8423 24.191
120.8453 24.1966
120.8483 24.2011
120.8499 24.2036
120.8513 24.2061
120.854 24.2108
120.8567 24.214
120.86 24.2174
120.8627 24.2207
120.8649 24.2236
120.8663 24.2255
120.8675 24.2285
120.8676 24.2295
120.8685 24.2317
120.8709 24.2378
120.8721 24.2395
120.8735 24.2412
120.8749 24.2434
120.876 24.245
120.8766 24.2466
120.8774 24.2485
120.8795 24.2503
120.8814 24.2521
120.8826 24.2535
120.887 24.2565
120.8882 24.2572
120.8902 24.2587
120.8918 24.2598
120.8927 24.2604
120.8939 24.2613
120.8956 24.2622
120.898 24.2636
120.9021 24.2652
120.9046 24.266
120.9081 24.2675
120.9098 24.2684
120.9115 24.2693
120.914 24.2705
120.917 24.2719
120.924 24.2745
120.9261 24.2754
120.9281 24.2765
120.9289 24.2768
120.9292 24.2771
120.9312 24.2782
120.9346 24.2806
