121.0347 24.8591
121.0399 24.8697
121.0475 24.8769
121.0561 24.8752
121.0637 24.8761
121.0732 24.8819
121.0803 24.8847
121.0912 24.8839
121.0932 24.8854
121.0991 24.89
121.1053 24.8927
121.1146 24.8936
121.1244 24.8912
121.1338 24.8915
121.1401 24.8916
121.1512 24.898
121.1597 24.9033
121.1648 24.9054
121.1781 24.9056
121.1909 24.907
121.1976 24.9074
121.2058 24.9065
121.2136 24.9078
121.2212 24.9068
121.2305 24.9045
121.2353 24.9051
121.2443 24.9037
121.2527 24.9035
121.2626 24.9022
121.2672 24.9018
