120.9612 24.8954
120.9708 24.8908
120.9805 24.8884
120.9883 24.8868
120.9998 24.8864
121.0147 24.8861
121.0219 24.8853
121.0372 24.8787
121.0475 24.8769
121.0638 24.8695
121.0858 24.8607
121.0938 24.8572
121.1087 24.8505
121.1156 24.8472
121.1263 24.8449
121.1448 24.8437
121.1494 24.8428
121.1624 24.8362
121.1723 24.832
121.1863 24.8261
121.1926 24.8242
121.1988 24.8222
121.2082 24.8221
121.2142 24.8208
121.2204 24.8203
121.2274 24.8183
121.2367 24.8162
121.245 24.8165
